lr: 0.00011422862586279524
n_hidden: 6
n_nodes: 1024
optim: AdamW
acts: relu
l2: 0.0006956584250323082
batch_size: 2048
bn: False
dropout: 0.02980486008161051
